Isnin
1
8
4.46
4.56
6.14
6.37
12.21
3.28
6.27
7.36
Selasa
2
9
4.46
4.56
6.14
6.36
12.21
3.27
6.26
7.36
Rabu
3
10
4.46
4.56
6.14
6.36
12.21
3.26
6.26
7.35
Khamis
4
11
4.46
4.56
6.14
6.36
12.20
3.25
6.25
7.35
Jumaat
5
12
4.46
4.56
6.13
6.36
12.20
3.24
6.25
7.34
Sabtu
6
13
4.46
4.56
6.13
6.35
12.20
3.23
6.24
7.34
Ahad
7
14
4.45
4.55
6.13
6.35
12.19
3.21
6.24
7.33
Isnin
8
15
4.45
4.55
6.13
6.35
12.19
3.20
6.23
7.33
Selasa
9
16
4.45
4.55
6.12
6.35
12.19
3.19
6.23
7.32
Rabu
10
17
4.45
4.55
6.12
6.35
12.18
3.18
6.22
7.32
Khamis
11
18
4.45
4.55
6.12
6.34
12.18
3.18
6.22
7.31
Jumaat
12
19
4.45
4.55
6.12
6.34
12.18
3.19
6.21
7.31
Sabtu
13
20
4.44
4.54
6.12
6.34
12.17
3.19
6.21
7.30
Ahad
14
21
4.44
4.54
6.11
6.34
12.17
3.19
6.20
7.30
Isnin
15
22
4.44
4.54
6.11
6.33
12.17
3.20
6.20
7.29
Selasa
16
23
4.44
4.54
6.11
6.33
12.16
3.20
6.19
7.28
Rabu
17
24
4.44
4.54
6.11
6.33
12.16
3.20
6.19
7.28
Khamis
18
25
4.43
4.53
6.11
6.33
12.16
3.20
6.18
7.27
Jumaat
19
26
4.43
4.53
6.10
6.32
+ 12.15
3.21
6.18
7.27
Sabtu
20
27
4.43
4.53
6.10
6.32
12.15
3.21
6.17
7.26
Ahad
21
28
4.43
4.53
6.10
6.32
12.14
3.21
6.17
7.26
Isnin
22
29
4.43
4.53
6.10
6.32
12.14
3.21
6.17
7.25
Selasa
23
1
4.42
4.52
6.09
6.32
12.14
3.21
6.16
7.25
Rabu
24
2
4.42
4.52
6.09
6.31
12.13
3.22
6.16
7.24
Khamis
25
3
4.42
4.52
6.09
6.31
12.13
3.22
6.15
7.24
Jumaat
26
4
4.42
4.52
6.09
6.31
12.13
3.22
6.15
7.24
Sabtu
27
5
4.42
4.52
6.09
6.31
12.12
3.22
6.14
7.23
Ahad
28
6
4.41
4.51
6.08
6.31
12.12
3.22
6.14
7.23
Isnin
29
7
4.41
4.51
6.08
6.30
12.12
3.22
6.13
7.22
Selasa
30
8
4.41
4.51
6.08
6.30
12.11
3.23
6.13
7.22